Number of keypoints: 622
Descriptors shape: 622 x 64
Mathes 1 with 1: 500
Mathes 1 with 2: 310
Mathes 1 with 3: 347
distance array: 250000 time elapsed: 7379
Medoid is descriptor number 154 with value: 
252 191 231 241 240 192 0 1 1 199 255 255 191 255 255 241 223 127 252 241 143 255 56 14 0 32 48 224 25 103 60 225 0 1 0 0 0 0 128 0 134 16 147 49 0 225 127 0 0 64 48 113 31 212 237 199 225 112 120 0 0 8 0 203 

Closest to medoid is descriptor number 174 with value: 
180 123 223 231 1 0 0 0 0 206 1 7 0 199 61 239 60 243 192 33 12 0 0 78 192 249 255 255 255 161 113 231 57 111 60 241 140 17 195 24 68 216 251 255 255 239 255 255 55 139 247 255 175 193 71 2 241 107 32 182 255 255 191 255 

Farthest to medoid is descriptor number 396 with value: 
148 255 255 231 160 0 0 103 239 66 28 251 241 255 255 255 158 127 194 1 0 243 180 127 103 230 255 255 43 252 248 239 159 125 191 148 239 19 131 8 247 254 255 127 15 225 255 102 18 239 255 255 171 175 0 2 213 43 54 223 135 189 136 137 